-60.577568 1.905884
-56.090223 1.896418
-51.602877 1.885478
-47.115531 1.872811
-42.628186 1.858094
-38.140840 1.840905
-33.653494 1.820673
-29.166149 1.796602
-24.678803 1.767515
-20.191457 1.731573
-17.935279 1.710002
-15.679102 1.685327
-13.422924 1.656661
-11.166746 1.622650
-8.910568 1.581071
-6.654390 1.527847
-4.398213 1.454050
-2.142035 1.332031
-2.017707 1.322283
-1.780835 1.302129
-1.543963 1.279433
-1.307090 1.253414
-1.070218 1.222849
-0.833346 1.185666
-0.596474 1.137878
-0.359602 1.070340
-0.200332 1.001515
-0.122729 0.953905
-0.121713 0.953186
-0.043095 0.886818
0.035524 0.787668
0.114143 0.619382


-49.737178 1.859979
-46.052845 1.850740
-42.368513 1.840064
-38.684180 1.827702
-34.999847 1.813340
-31.315515 1.796564
-27.631182 1.776820
-23.946850 1.753329
-20.262517 1.724943
-16.578184 1.689867
-14.725751 1.668815
-12.873317 1.644734
-11.020884 1.616758
-9.168450 1.583567
-7.316017 1.542990
-5.463583 1.491047
-3.611150 1.419028
-1.758717 1.299950
-1.656637 1.290439
-1.462154 1.270774
-1.267670 1.248634
-1.073186 1.223256
-0.878702 1.193459
-0.684218 1.157251
-0.489734 1.110884
-0.295251 1.045978
-0.164483 0.981337
-0.100767 0.937993
-0.099933 0.937349
-0.035383 0.877979
0.029167 0.791031
0.093717 0.653782


-39.391409 1.807110
-36.473450 1.798134
-33.555491 1.787761
-30.637532 1.775750
-27.719573 1.761796
-24.801614 1.745498
-21.883654 1.726315
-18.965695 1.703491
-16.047736 1.675912
-13.129777 1.641833
-11.662666 1.621380
-10.195555 1.597983
-8.728444 1.570802
-7.261332 1.538554
-5.794221 1.499131
-4.327110 1.448665
-2.859999 1.378693
-1.392888 1.263017
-1.312042 1.253780
-1.158013 1.234682
-1.003983 1.213188
-0.849954 1.188565
-0.695924 1.159702
-0.541895 1.124694
-0.387865 1.079984
-0.233836 1.018516
-0.130269 0.959198
-0.079806 0.920398
-0.079146 0.919842
-0.028023 0.871433
0.023100 0.809457
0.074223 0.720848


-29.610469 1.744444
-27.417043 1.735779
-25.223617 1.725766
-23.030191 1.714172
-20.836765 1.700702
-18.643339 1.684968
-16.449913 1.666451
-14.256487 1.644418
-12.063061 1.617796
-9.869635 1.584898
-8.766810 1.565154
-7.663985 1.542569
-6.561159 1.516331
-5.458334 1.485201
-4.355508 1.447145
-3.252683 1.398429
-2.149857 1.330885
-1.047032 1.219265
-0.986260 1.210361
-0.870477 1.191964
-0.754693 1.171281
-0.638909 1.147636
-0.523125 1.120004
-0.407342 1.086639
-0.291558 1.044545
-0.175774 0.987661
-0.097923 0.934665
-0.059990 0.901765
-0.059494 0.901294
-0.021065 0.860906
0.017364 0.810887
0.055793 0.747566


-22.258149 1.683951
-20.609354 1.675587
-18.960559 1.665921
-17.311763 1.654729
-15.662968 1.641726
-14.014173 1.626538
-12.365377 1.608663
-10.716582 1.587394
-9.067787 1.561695
-7.418992 1.529938
-6.589999 1.510879
-5.761007 1.489077
-4.932014 1.463749
-4.103022 1.433699
-3.274030 1.396962
-2.445037 1.349936
-1.616045 1.284740
-0.787053 1.177081
-0.741371 1.168506
-0.654336 1.150803
-0.567302 1.130929
-0.480267 1.108260
-0.393233 1.081873
-0.306198 1.050326
-0.219164 1.011238
-0.132129 0.960435
-0.073608 0.915451
-0.045095 0.888860
-0.044721 0.888487
-0.015834 0.857338
0.013053 0.820521
0.041940 0.777599


-15.405708 1.609047
-14.264514 1.601055
-13.123321 1.591819
-11.982127 1.581125
-10.840933 1.568700
-9.699740 1.554188
-8.558546 1.537108
-7.417352 1.516785
-6.276159 1.492229
-5.134965 1.461885
-4.561188 1.443674
-3.987411 1.422842
-3.413634 1.398640
-2.839857 1.369927
-2.266080 1.334825
-1.692303 1.289894
-1.118526 1.227627
-0.544749 1.125199
-0.513131 1.117101
-0.452891 1.100437
-0.392651 1.081836
-0.332411 1.060801
-0.272171 1.036623
-0.211931 1.008264
-0.151691 0.974129
-0.091452 0.931632
-0.050947 0.896242
-0.031212 0.876301
-0.030953 0.876026
-0.010960 0.853529
0.009034 0.828273
0.029028 0.794618


-9.171615 1.509099
-8.492218 1.501604
-7.812821 1.492941
-7.133424 1.482912
-6.454028 1.471259
-5.774631 1.457648
-5.095234 1.441629
-4.415837 1.422568
-3.736440 1.399538
-3.057044 1.371078
-2.715452 1.353998
-2.373860 1.334461
-2.032269 1.311764
-1.690677 1.284839
-1.349085 1.251933
-1.007494 1.209849
-0.665902 1.151695
-0.324310 1.057576
-0.305487 1.050298
-0.269623 1.035434
-0.233760 1.019047
-0.197897 1.000809
-0.162034 0.980288
-0.126171 0.956902
-0.090308 0.929840
-0.054445 0.897962
-0.030331 0.873027
-0.018582 0.859631
-0.018428 0.859449
-0.006525 0.844906
0.005378 0.829286
0.017282 0.812465


-5.027578 1.400986
-4.655155 1.394027
-4.282732 1.385985
-3.910309 1.376674
-3.537886 1.365856
-3.165463 1.353220
-2.793040 1.338349
-2.420617 1.320655
-2.048194 1.299276
-1.675771 1.272861
-1.488522 1.257012
-1.301272 1.238888
-1.114023 1.217845
-0.926774 1.192909
-0.739524 1.162499
-0.552275 1.123801
-0.365025 1.071024
-0.177776 0.989284
-0.167458 0.983263
-0.147799 0.971139
-0.128140 0.958058
-0.108481 0.943881
-0.088822 0.928444
-0.069163 0.911549
-0.049504 0.892964
-0.029845 0.872416
-0.016626 0.857343
-0.010186 0.849595
-0.010101 0.849492
-0.003577 0.841352
0.002948 0.832910
0.009473 0.824153


-1.557254 1.211979
-1.441898 1.205961
-1.326543 1.199007
-1.211188 1.190958
-1.095833 1.181611
-0.980478 1.170702
-0.865123 1.157881
-0.749767 1.142662
-0.634412 1.124351
-0.519057 1.101897
-0.461058 1.088549
-0.403059 1.073434
-0.345060 1.056130
-0.287061 1.036050
-0.229062 1.012340
-0.171063 0.983697
-0.113064 0.948000
-0.055065 0.901478
-0.051869 0.898478
-0.045780 0.892607
-0.039690 0.886521
-0.033601 0.880206
-0.027512 0.873646
-0.021423 0.866823
-0.015333 0.859718
-0.009244 0.852310
-0.005150 0.847147
-0.003155 0.844575
-0.003129 0.844541
-0.001108 0.841897
0.000913 0.839212
0.002934 0.836486


