0.8 0.0525394
0.810417 0.062225
0.820833 0.0740481
0.83125 0.0886797
0.841667 0.107115
0.852083 0.130916
0.8625 0.1627
0.872917 0.207187
0.883333 0.271898
0.89 0.32369
0.8925 0.34271
0.89375 0.351737
0.895 0.360166
0.8975 0.375136
0.9 0.38838
0.902222 0.397886
0.904167 0.404644
0.904444 0.405512
0.906667 0.41169
0.908889 0.416683
0.911111 0.420727
0.913333 0.424021
0.914583 0.425606
0.915556 0.426725
0.917778 0.429172
0.918034 0.429413
0.92 0.430674
0.925 0.435065
0.93 0.437747
0.932222 0.438098
0.934444 0.439159
0.935417 0.43962
0.936667 0.440214
0.938889 0.441285
0.941111 0.442387
0.943333 0.443541
0.945556 0.444776
0.945833 0.444938
0.947214 0.44577
0.947778 0.446127
0.95 0.447638
0.9525 0.449608
0.955 0.451992
0.95625 0.453402
0.9575 0.454995
0.959667 0.458264
0.96 0.458835
0.966667 0.47683
0.968785 0.487566
0.969508 0.492437
0.973763 0.54782
0.97442 0.563463
0.974663 0.570633
0.974875 0.576024
0.97489 0.576348
0.974957 0.57752
0.974962 0.577578
0.974987 0.577747
0.974993 0.577764
0.975002 0.577772
0.975002 0.577772
0.975002 0.577772
0.975003 0.577772
0.975003 0.577772
0.975003 0.577772
0.975003 0.577772
0.975005 0.577771
0.975006 0.577771
0.975007 0.577771
0.975017 0.577758
0.975017 0.577757
0.97507 0.577572
0.975077 0.57754
0.975154 0.577169
0.97518 0.577037
0.975219 0.576839
0.975563 0.57505
0.97565 0.574592
0.975957 0.572977
0.976119 0.572127
0.976128 0.57208
0.976393 0.570678
0.977083 0.567027
0.977111 0.566882
0.977903 0.562674
0.981709 0.542498
0.983539 0.532949
0.9875 0.512968
0.990983 0.496387
0.997917 0.466481
1.00833 0.428715
1.01875 0.397678
1.02361 0.384963
1.02917 0.371517
1.03958 0.348959
1.05 0.329154


0.8 0.0525394
0.804082 0.0561134
0.810417 0.062225
0.814286 0.0663364
0.820833 0.0740481
0.82449 0.0788216
0.83125 0.0886795
0.834694 0.0942917
0.841667 0.107114
0.844898 0.113827
0.852083 0.130906
0.855102 0.139132
0.8625 0.162631
0.865306 0.173045
0.872917 0.206652
0.883333 0.268203
0.89 0.313162
0.8925 0.328711
0.89375 0.335902
0.895 0.342642
0.8975 0.354687
0.9 0.364912
0.902222 0.372642
0.904167 0.378449
0.904444 0.379211
0.906667 0.384735
0.908889 0.389365
0.911111 0.393249
0.913333 0.396523
0.914583 0.39814
0.915556 0.3993
0.917778 0.401672
0.918034 0.401923
0.92 0.403716
0.925 0.407421
0.93 0.410297
0.932222 0.411408
0.934444 0.412456
0.935417 0.4129
0.936667 0.413464
0.938889 0.414457
0.941111 0.415471
0.943333 0.417754
0.945556 0.418882
0.945833 0.419029
0.947214 0.419784
0.947778 0.420106
0.95 0.421464
0.9525 0.423218
0.955 0.4253
0.95625 0.4265
0.9575 0.427833
0.96 0.431002
0.962626 0.435294
0.966667 0.444766
0.973265 0.48327
0.974411 0.496066
0.975777 0.51718
0.976393 0.541115
0.976736 0.552794
0.97683 0.556144
0.976855 0.556951
0.976906 0.557928
0.976912 0.557962
0.976926 0.558
0.976928 0.558003
0.976932 0.558005
0.976933 0.558005
0.976933 0.558005
0.976933 0.558005
0.976933 0.558005
0.976934 0.558005
0.976936 0.558004
0.976937 0.558004
0.976939 0.558002
0.976963 0.557957
0.976971 0.557934
0.977045 0.557648
0.977047 0.557639
0.977083 0.557481
0.977101 0.557405
0.977143 0.557212
0.97724 0.556771
0.977329 0.556357
0.97747 0.555705
0.977538 0.555389
0.978245 0.552086
0.978288 0.551882
0.978831 0.549338
0.979422 0.546561
0.979841 0.544592
0.983072 0.529395
0.983905 0.525502
0.9875 0.508955
0.99048 0.495703
0.990983 0.493516
0.997917 0.465046
1.00833 0.428213
1.01875 0.39751
1.02361 0.384859
1.02917 0.371456
1.03958 0.348936
1.05 0.329144


0.8 0.0525394
0.804082 0.0561134
0.807158 0.0589904
0.810417 0.0622248
0.812966 0.0648986
0.814286 0.0663361
0.820833 0.0740475
0.82449 0.0788207
0.826759 0.0819708
0.828211 0.0840679
0.83125 0.0886771
0.834694 0.0942877
0.836842 0.0980157
0.840552 0.104909
0.841667 0.107103
0.844898 0.113809
0.849263 0.123778
0.852083 0.130848
0.854345 0.136918
0.855102 0.139036
0.8625 0.16229
0.865306 0.172465
0.868138 0.183628
0.870316 0.192837
0.872917 0.204561
0.878947 0.234597
0.881931 0.250755
0.883333 0.258345
0.89 0.293664
0.891368 0.300229
0.8925 0.305411
0.89375 0.310854
0.895 0.315634
0.895724 0.318469
0.8975 0.32497
0.9 0.333057
0.902222 0.339264
0.904167 0.344007
0.904444 0.344636
0.906667 0.349271
0.908889 0.353265
0.909517 0.354291
0.911111 0.356708
0.912421 0.358514
0.913333 0.360472
0.914583 0.361973
0.915556 0.363068
0.917778 0.365345
0.918034 0.365588
0.92 0.367345
0.921053 0.368209
0.92331 0.369904
0.925 0.37105
0.93 0.373969
0.932222 0.375095
0.933474 0.375696
0.934444 0.376149
0.935417 0.376592
0.936667 0.377149
0.937103 0.377341
0.938889 0.378116
0.941111 0.379067
0.943333 0.380023
0.945556 0.381002
0.945833 0.381127
0.947214 0.381761
0.947778 0.382027
0.95 0.383122
0.950897 0.383591
0.9525 0.383412
0.954526 0.384784
0.955 0.385132
0.95625 0.386103
0.9575 0.38716
0.96 0.389612
0.963158 0.393595
0.96469 0.395911
0.966667 0.399334
0.966993 0.399956
0.975579 0.426688
0.976393 0.430986
0.977083 0.435049
0.978483 0.444743
0.98182 0.479311
0.982257 0.485482
0.982991 0.497785
0.9831 0.499888
0.983323 0.504493
0.983439 0.507035
0.98361 0.510667
0.983621 0.510839
0.983662 0.511088
0.983664 0.51109
0.983665 0.51109
0.983665 0.51109
0.983669 0.511091
0.983669 0.511091
0.983669 0.511091
0.983669 0.511091
0.983669 0.511091
0.983669 0.511091
0.98367 0.511091
0.983671 0.511091
0.983678 0.511087
0.983691 0.511068
0.983694 0.511063
0.983709 0.511026
0.983715 0.51101
0.983726 0.51098
0.983744 0.510925
0.983868 0.510498
0.983943 0.510227
0.984163 0.509428
0.984464 0.508329
0.984887 0.506783
0.985828 0.503338
0.985881 0.503146
0.986783 0.499842
0.987475 0.497308
0.9875 0.497216
0.988418 0.493856
0.99 0.488088
0.990983 0.484519
0.992276 0.47985
0.996632 0.464408
0.997377 0.46182
0.997829 0.460259
0.997917 0.459957
1.00526 0.43566
1.00607 0.433124
1.00833 0.426137
1.01768 0.399471
1.01875 0.396645
1.01986 0.393741
1.02361 0.38428
1.02917 0.371085
1.03366 0.361144
1.03874 0.350506
1.03958 0.348796
1.04737 0.333847
1.04745 0.3337
1.05 0.329084


0.8 0.0525349
0.804082 0.0561066
0.807158 0.0589812
0.810417 0.0622118
0.814286 0.0663166
0.820833 0.0740079
0.82449 0.0787615
0.828211 0.0839783
0.83125 0.0885507
0.834694 0.0940901
0.836842 0.0977657
0.841667 0.106637
0.844898 0.11316
0.849263 0.122755
0.852083 0.129469
0.855102 0.13713
0.8625 0.158081
0.865306 0.166872
0.870316 0.18356
0.872917 0.192618
0.878947 0.214039
0.883333 0.229285
0.89 0.250389
0.891368 0.254281
0.8925 0.25737
0.89375 0.260642
0.895 0.263767
0.8975 0.269571
0.9 0.274631
0.902222 0.278954
0.904167 0.282383
0.904444 0.282848
0.906667 0.28634
0.908889 0.289464
0.911111 0.29225
0.912421 0.293748
0.913333 0.294733
0.914583 0.296012
0.915556 0.296952
0.917778 0.298947
0.918034 0.299164
0.92 0.300752
0.921053 0.301549
0.925 0.304253
0.93 0.30714
0.932222 0.308271
0.933474 0.308875
0.934444 0.309329
0.935417 0.309772
0.936667 0.310326
0.938889 0.311275
0.941111 0.312189
0.943333 0.313078
0.945556 0.313956
0.945833 0.314066
0.947778 0.314835
0.95 0.315726
0.9525 0.316761
0.954526 0.317639
0.955 0.31686
0.95625 0.317527
0.9575 0.318276
0.96 0.319916
0.963158 0.322268
0.966667 0.325327
0.975579 0.336323
0.976393 0.337657
0.977083 0.338845
0.9875 0.366329
0.990983 0.382384
0.994044 0.402256
0.99532 0.413078
0.996221 0.422132
0.996632 0.426815
0.996976 0.431124
0.997053 0.432132
0.997368 0.436545
0.99737 0.436585
0.997471 0.438044
0.997517 0.438637
0.997567 0.438983
0.997574 0.438997
0.997579 0.439002
0.997586 0.439005
0.997587 0.439005
0.997587 0.439005
0.997587 0.439005
0.997587 0.439005
0.997588 0.439005
0.997588 0.439005
0.997589 0.439005
0.99759 0.439005
0.997591 0.439005
0.997609 0.43899
0.997613 0.438985
0.997641 0.438939
0.997688 0.43884
0.997759 0.438676
0.997884 0.438372
0.997917 0.438293
0.998 0.438089
0.998398 0.437112
0.998473 0.436928
0.999657 0.434023
0.999744 0.433809
1.00234 0.42747
1.00327 0.425209
1.00372 0.424111
1.00495 0.421129
1.00526 0.420379
1.00833 0.413028
1.01193 0.40456
1.01356 0.400777
1.01768 0.391379
1.01875 0.389001
1.02361 0.37845
1.02917 0.366787
1.03874 0.347911
1.03958 0.346315
1.04309 0.339841
1.04737 0.332194
1.05 0.32764


